camera_tis_node:
    exposure_time: 1000         # int, exposure time in in microseconds

rotate_image_node:
    mode: 0                     # int, 0 - 90, 1 - 180, 2 - 270

laser_line_center_node:
    ksize: 5                    # int
    threshold: 35               # int
    width_min: 1.               # double
    width_max: 30.              # double

laser_line_filter_node:
    enable: false               # bool, enable
    window_size: 10             # int pixel
    gap: 5                      # int pixel
    deviate: 5.                 # double pixel
    step: 2.                    # double pixel
    length: 30                  # int pixel

line_center_reconstruction_node:
    camera_matrix: [4.7916469354019528e+03, 0., 5.8675923543170029e+02, 0., 4.7899482899479808e+03, 7.1242314778468199e+02, 0., 0., 1.]
    distort_coeffs: [4.2076631221379904e-02, -2.7859140112435599e+00, -1.9309580315517009e-03, 1.1548657330975238e-03, 5.1176622139610359e+01]
    homography_matrix: [8.95810953e-02,  1.09862135e-01, -1.93995953e+01, -4.15779030e-01,  4.70428332e-03,  3.99283020e+02, 1.16829295e-03, -1.26498465e-05,  1.00000000e+00]
    # homography_matrix: [ 0., 2.0892998114369087e-04, -1.4884655483298248e-01, 0., 2.2360737160559410e-06, 1.0352618463312766e+00, -3.0059363049465541e-06, 1.2188244250425512e-07, 5.6232473087445261e-03 ]
    # homography_matrix: [ 4.47905463e-02,  5.49310680e-02, -9.69979774e+00, -2.07889516e-01,  2.35214168e-03,  1.99641511e+02, 1.16829292e-03, -1.26498284e-05,  1.00000000e+00]

seam_tracking_node:
    codes: ['def fn(d)\n    return d']
    task: 0                     # int
    delta_x: 0.                 # double in mm
    delta_y: 0.                 # double in mm
    enable: false               # bool
    window_size: 10             # int in count
    gap: 2                      # int in count
    step: 2.                    # double in mm
    length: 5                   # int in count

modbus_node:
    port: 2345                  # int

gpio_raspberry_node:
    test: TODO
